[58344.029259] [Project1] 21438 1588158936.081143470 1588158937.259336498
[58346.189914] [Project1] 21439 1588158938.350502212 1588158939.419995129
[58348.277685] [Project1] 21440 1588158940.445949803 1588158941.507760580
[58350.428976] [Project1] 21441 1588158942.573632633 1588158943.659058410
[58352.580105] [Project1] 21442 1588158944.716935052 1588158945.810171500
[58354.694249] [Project1] 21443 1588158946.852257977 1588158947.924333450
[58356.773917] [Project1] 21444 1588158948.952454222 1588158950.004000047
[58358.845969] [Project1] 21447 1588158951.037976202 1588158952.076043920
[58360.906601] [Project1] 21448 1588158953.098944120 1588158954.136681322
[58362.805758] [Project1] 21449 1588158955.039062043 1588158956.035839209
